#  Non-editable header begin --------------------------------------------------------------------------------
# 
#  data format...............: continuous
#  setname...................: Neuroscan EEG data_elist
#  filename..................: 2042E1_DL2H99A2p5H55L_N47E63Tr_Dip.set
#  filepath..................: C:\UGO\GitHub\eeglab\sample_data\
#  nchan.....................: 99
#  pnts......................: 96996
#  srate.....................: 250
#  nevents...................: 61
#  generated by (bdf)........: 
#  generated by (set)........: Neuroscan EEG data_elist
#  reported in ..............: 
#  prog Version..............: 7.0
#  creation date.............: 22-Jul-2020 14:51:27
#  user Account..............: 
# 
#  Non-editable header end --------------------------------------------------------------------------------




# item	 bepoch	  ecode	            label	      onset	          diff	     dura	b_flags	   a_flags	  enable	    bin
#                                                 (sec)           (msec)     (msec)    (binary)   (binary)


1     	0     	    -99	        boundary	     -0.0020	      0.00	67988.0	    00000000     00000000	   1	[       ]
2     	0     	    -88	             DIN	      3.9960	   3998.00	    0.0	    00000000     00000000	   1	[       ]
3     	0     	    -88	             DIN	      9.9040	   5908.00	    0.0	    00000000     00000000	   1	[       ]
4     	0     	    -88	             DIN	     15.8320	   5928.00	    0.0	    00000000     00000000	   1	[       ]
5     	0     	    -88	             DIN	     22.4720	   6640.00	    0.0	    00000000     00000000	   1	[       ]
6     	0     	    -88	             DIN	     30.4160	   7944.00	    0.0	    00000000     00000000	   1	[       ]
7     	0     	    -88	             DIN	     36.6360	   6220.00	    0.0	    00000000     00000000	   1	[       ]
8     	0     	    -88	             DIN	     42.1280	   5492.00	    0.0	    00000000     00000000	   1	[       ]
9     	0     	    -88	             DIN	     48.6200	   6492.00	    0.0	    00000000     00000000	   1	[       ]
10    	0     	    -88	             DIN	     54.3120	   5692.00	    0.0	    00000000     00000000	   1	[       ]
11    	0     	    -88	             DIN	     60.2040	   5892.00	    0.0	    00000000     00000000	   1	[       ]
12    	0     	    -88	             DIN	     67.8720	   7668.00	    0.0	    00000000     00000000	   1	[       ]
13    	0     	    -88	             DIN	     73.6240	   5752.00	    0.0	    00000000     00000000	   1	[       ]
14    	0     	    -88	             DIN	     79.5120	   5888.00	    0.0	    00000000     00000000	   1	[       ]
15    	0     	    -88	             DIN	     84.9960	   5484.00	    0.0	    00000000     00000000	   1	[       ]
16    	0     	    -88	             DIN	     91.7040	   6708.00	    0.0	    00000000     00000000	   1	[       ]
17    	0     	    -88	             DIN	     98.4880	   6784.00	    0.0	    00000000     00000000	   1	[       ]
18    	0     	    -88	             DIN	    105.0400	   6552.00	    0.0	    00000000     00000000	   1	[       ]
19    	0     	    -88	             DIN	    112.6440	   7604.00	    0.0	    00000000     00000000	   1	[       ]
20    	0     	    -88	             DIN	    118.0760	   5432.00	    0.0	    00000000     00000000	   1	[       ]
21    	0     	    -88	             DIN	    123.7480	   5672.00	    0.0	    00000000     00000000	   1	[       ]
22    	0     	    -88	             DIN	    130.4600	   6712.01	    0.0	    00000000     00000000	   1	[       ]
23    	0     	    -88	             DIN	    136.8760	   6416.00	    0.0	    00000000     00000000	   1	[       ]
24    	0     	    -88	             DIN	    144.2280	   7351.99	    0.0	    00000000     00000000	   1	[       ]
25    	0     	    -88	             DIN	    150.0160	   5788.01	    0.0	    00000000     00000000	   1	[       ]
26    	0     	    -88	             DIN	    156.1720	   6155.99	    0.0	    00000000     00000000	   1	[       ]
27    	0     	    -88	             DIN	    162.0800	   5908.00	    0.0	    00000000     00000000	   1	[       ]
28    	0     	    -88	             DIN	    168.3160	   6235.99	    0.0	    00000000     00000000	   1	[       ]
29    	0     	    -88	             DIN	    174.6120	   6296.01	    0.0	    00000000     00000000	   1	[       ]
30    	0     	    -88	             DIN	    180.6840	   6072.01	    0.0	    00000000     00000000	   1	[       ]
31    	0     	    -88	             DIN	    186.5040	   5819.99	    0.0	    00000000     00000000	   1	[       ]
32    	0     	    -88	             DIN	    192.6160	   6112.00	    0.0	    00000000     00000000	   1	[       ]
33    	0     	    -88	             DIN	    198.5120	   5896.00	    0.0	    00000000     00000000	   1	[       ]
34    	0     	    -88	             DIN	    205.9600	   7448.01	    0.0	    00000000     00000000	   1	[       ]
35    	0     	    -88	             DIN	    212.2600	   6299.99	    0.0	    00000000     00000000	   1	[       ]
36    	0     	    -88	             DIN	    217.3960	   5136.00	    0.0	    00000000     00000000	   1	[       ]
37    	0     	    -88	             DIN	    223.5800	   6184.01	    0.0	    00000000     00000000	   1	[       ]
38    	0     	    -88	             DIN	    229.8560	   6276.00	    0.0	    00000000     00000000	   1	[       ]
39    	0     	    -88	             DIN	    235.0640	   5207.99	    0.0	    00000000     00000000	   1	[       ]
40    	0     	    -88	             DIN	    240.0440	   4980.01	    0.0	    00000000     00000000	   1	[       ]
41    	0     	    -88	             DIN	    246.6960	   6651.99	    0.0	    00000000     00000000	   1	[       ]
42    	0     	    -88	             DIN	    252.6880	   5992.00	    0.0	    00000000     00000000	   1	[       ]
43    	0     	    -88	             DIN	    258.4880	   5800.00	    0.0	    00000000     00000000	   1	[       ]
44    	0     	    -88	             DIN	    265.4120	   6923.98	    0.0	    00000000     00000000	   1	[       ]
45    	0     	    -88	             DIN	    273.4720	   8060.00	    0.0	    00000000     00000000	   1	[       ]
46    	0     	    -88	             DIN	    281.8440	   8372.01	    0.0	    00000000     00000000	   1	[       ]
47    	0     	    -88	             DIN	    287.6600	   5816.01	    0.0	    00000000     00000000	   1	[       ]
48    	0     	    -88	             DIN	    295.6440	   7984.01	    0.0	    00000000     00000000	   1	[       ]
49    	0     	    -88	             DIN	    301.5600	   5915.99	    0.0	    00000000     00000000	   1	[       ]
50    	0     	    -88	             DIN	    307.5800	   6019.99	    0.0	    00000000     00000000	   1	[       ]
51    	0     	    -88	             DIN	    315.0480	   7468.02	    0.0	    00000000     00000000	   1	[       ]
52    	0     	    -88	             DIN	    322.5480	   7500.00	    0.0	    00000000     00000000	   1	[       ]
53    	0     	    -88	             DIN	    328.4160	   5867.98	    0.0	    00000000     00000000	   1	[       ]
54    	0     	    -88	             DIN	    336.2480	   7832.00	    0.0	    00000000     00000000	   1	[       ]
55    	0     	    -88	             DIN	    342.3120	   6064.03	    0.0	    00000000     00000000	   1	[       ]
56    	0     	    -88	             DIN	    348.4480	   6135.99	    0.0	    00000000     00000000	   1	[       ]
57    	0     	    -88	             DIN	    354.4080	   5959.99	    0.0	    00000000     00000000	   1	[       ]
58    	0     	    -88	             DIN	    360.6800	   6272.00	    0.0	    00000000     00000000	   1	[       ]
59    	0     	    -88	             DIN	    368.1440	   7464.02	    0.0	    00000000     00000000	   1	[       ]
60    	0     	    -88	             DIN	    373.8200	   5676.00	    0.0	    00000000     00000000	   1	[       ]
61    	0     	    -88	             DIN	    379.2360	   5415.99	    0.0	    00000000     00000000	   1	[       ]
